1
2
111 111 111 111 111 111 111 111 111
0 0 0 0 0 0 0 0 0
111 0 111 111 111 111 111 111 111
111 111 111 111 111 111 111 111 111
111 111 111 111 0 111 111 111 111
111 111 111 111 111 111 111 111 111
111 111 111 111 111 111 0 111 111
111 111 111 111 111 111 111 111 111
111 111 111 111 111 111 111 111 112
111 111 111 111 111 111 111 111 111
111 111 111 111 111 111 111 111 111
111 111 111 111 111 111 111 111 111
111 111 111 111 111 111 111 111 111
111 111 111 111 111 111 111 111 111
111 111 111 111 111 111 111 111 111
111 111 111 111 111 111 111 111 111
111 111 111 111 111 111 111 111 111
111 111 111 111 111 111 111 112 111
111 111 111 111 111 111 111 111 111
111 111 111 111 111 111 111 111 111
111 111 111 111 111 111 111 111 111
111 111 111 111 111 111 111 111 111
111 111 111 111 111 111 111 111 111
111 111 111 111 111 111 111 111 111
111 111 111 111 111 111 111 111 111
111 111 111 111 111 111 111 111 111
111 111 111 111 111 111 111 111 113

